0.000000000000000000e+00 5.422642993457213975e+06
5.876529467994375341e-05 5.099373979982395656e+06
1.175305893598875068e-04 4.229209837290782481e+06
1.762958840398312806e-04 3.066910092175981030e+06
2.350611787197750136e-04 1.913828726072427351e+06
2.938264733997187467e-04 1.002144070827598451e+06
3.525917680796625611e-04 4.276084412732535275e+05
4.113570627596063213e-04 1.540503883905060648e+05
4.701223574395500273e-04 7.175569257788523100e+04
5.288876521194937333e-04 6.784298097924036847e+04
5.876529467994374934e-04 7.129081951362795371e+04
6.464182414793813621e-04 5.972806792028188647e+04
7.051835361593251222e-04 3.989827653722240939e+04
7.639488308392688824e-04 2.377380515843012836e+04
8.227141255192126426e-04 1.585950030088697349e+04
8.814794201991562944e-04 1.351571147551686045e+04
9.402447148791000546e-04 1.266944987177988151e+04
9.990100095590437063e-04 1.138843329839359285e+04
1.057775304238987467e-03 9.682438691683182697e+03
1.116540598918931444e-03 8.048622330244187651e+03
1.175305893598874987e-03 6.762417032791212478e+03
1.234071188278818747e-03 5.850039886534526886e+03
1.292836482958762724e-03 5.181947116644165362e+03
1.351601777638706267e-03 4.611152648037312247e+03
1.410367072318650244e-03 4.101488459130445335e+03
1.469132366998593788e-03 3.681573055032462435e+03
1.527897661678537765e-03 3.333604441159706312e+03
1.586662956358481308e-03 3.017436796344735740e+03
1.645428251038425285e-03 2.737142846694887339e+03
1.704193545718368612e-03 2.504795961408413859e+03
1.762958840398312589e-03 2.299072850658139942e+03
1.821724135078256349e-03 2.105837642531064375e+03
1.880489429758200109e-03 1.938107914395716989e+03
1.939254724438144086e-03 1.795484086734036282e+03
1.998020019118087413e-03 1.660594667872761647e+03
2.056785313798031607e-03 1.534532385771913141e+03
2.115550608477974933e-03 1.427531492752007125e+03
2.174315903157919127e-03 1.331256311055536571e+03
2.233081197837862887e-03 1.236490523252498633e+03
2.291846492517806647e-03 1.151251224580797953e+03
2.350611787197749974e-03 1.078611967485732066e+03
2.409377081877693734e-03 1.008328161429987063e+03
2.468142376557637494e-03 9.396537714013006735e+02
2.526907671237581688e-03 8.806893096606299878e+02
2.585672965917525448e-03 8.279258523992867822e+02
2.644438260597468775e-03 7.741600364885919134e+02
2.703203555277412535e-03 7.242699473598930808e+02
2.761968849957356729e-03 6.822546427429570031e+02
2.820734144637300489e-03 6.414330953387368481e+02
2.879499439317243815e-03 5.999119046941837041e+02
2.938264733997187576e-03 5.639926573579012938e+02
2.997030028677131336e-03 5.326123712683647682e+02
3.055795323357075530e-03 4.998490782913948465e+02
3.114560618037019290e-03 4.684553015568995988e+02
3.173325912716962616e-03 4.425701962028118146e+02
3.232091207396906377e-03 4.177608825458345905e+02
3.290856502076850570e-03 3.914799767836233286e+02
3.349621796756794331e-03 3.685440624649555161e+02
3.408387091436737223e-03 3.493118694642742526e+02
3.467152386116681417e-03 3.288855740875710012e+02
3.525917680796625178e-03 3.085191423881498736e+02
3.584682975476569371e-03 2.921642603537963510e+02
3.643448270156512698e-03 2.769868542527543696e+02
3.702213564836456024e-03 2.601283892168270313e+02
3.760978859516400218e-03 2.451699158453365612e+02
3.819744154196343978e-03 2.333414351793060462e+02
3.878509448876288172e-03 2.206492290920975563e+02
3.937274743556231499e-03 2.072749976719703113e+02
3.996040038236174825e-03 1.968197008136601198e+02
4.054805332916119019e-03 1.876528175316180977e+02
4.113570627596063213e-03 1.768414420830094116e+02
4.172335922276006540e-03 1.669269829971962054e+02
4.231101216955949866e-03 1.596638937310207211e+02
4.289866511635894060e-03 1.518835776582566837e+02
4.348631806315838254e-03 1.430070978058014930e+02
4.407397100995780713e-03 1.362002486494451432e+02
4.466162395675725774e-03 1.307626173510181502e+02
4.524927690355669101e-03 1.238565420845681047e+02
4.583692985035613295e-03 1.171475492121423372e+02
4.642458279715555754e-03 1.126727458374981410e+02
4.701223574395499948e-03 1.080159635282645070e+02
4.759988869075444141e-03 1.020693147749892802e+02
4.818754163755387468e-03 9.751334938223619986e+01
4.877519458435331662e-03 9.435921921876305873e+01
4.936284753115274988e-03 8.997782359035653599e+01
4.995050047795220050e-03 8.529732357949596633e+01
5.053815342475163376e-03 8.245929059780321779e+01
5.112580637155106703e-03 7.973045215061574709e+01
5.171345931835050896e-03 7.566170739120119038e+01
5.230111226514993356e-03 7.243386475150462900e+01
5.288876521194937549e-03 7.059735867427272638e+01
5.347641815874881743e-03 6.781490064884987135e+01
5.406407110554825070e-03 6.440658456196614168e+01
5.465172405234769264e-03 6.248641695460057122e+01
5.523937699914713458e-03 6.093106817139667442e+01
5.582702994594656784e-03 5.809851544620354957e+01
5.641468289274600978e-03 5.567101545784986882e+01
5.700233583954544304e-03 5.458654156558286275e+01
5.758998878634487631e-03 5.284810442595393454e+01
5.817764173314431825e-03 5.028189513011512446e+01
