# R[Mpc], R/R200c, Pth1h, Pth2h, (Pth1h+Pth2h) 
# Pth in [g cm^-1 s^-2]
4.999999999999999237e-03 3.697048814960818969e-02 1.037438886623403054e-12 1.057982543045645446e-15 1.038496869166448762e-12
5.838993118688259529e-03 4.317408518002162354e-02 9.567589419709985001e-13 1.057477507163714151e-15 9.578164194781622916e-13
6.818768128017769353e-03 5.041863725436140226e-02 8.775753206021630170e-13 1.056959462713235827e-15 8.786322800648762306e-13
7.962948035485325690e-03 5.887881519637121891e-02 7.999509364817713371e-13 1.056511628323540993e-15 8.010074481100948333e-13
9.299119756734202866e-03 6.875859935362586828e-02 7.240243716812637165e-13 1.056161422446198038e-15 7.250805331037099149e-13
1.085949925388581157e-02 8.029619769529289242e-02 6.500163064822336623e-13 1.052607103293067199e-15 6.510689135855267781e-13
1.268170828316790913e-02 9.376978915992946473e-02 5.782322192705799584e-13 1.052034044661927269e-15 5.792842533152419110e-13
1.480968147972586656e-02 1.095042307291354267e-01 5.090594786348258391e-13 1.048644182386317110e-15 5.101081228172121943e-13
1.729472565001686016e-02 1.278788899389346478e-01 4.429569168889006229e-13 1.045038114475117258e-15 4.440019550033757532e-13
2.019675681200996942e-02 1.493367916757866454e-01 3.804353113067119572e-13 1.041793491747844276e-15 3.814771047984597875e-13
2.358574480902929024e-02 1.743952997923800818e-01 3.220280446874450137e-13 1.034963267353364723e-15 3.230630079547983987e-13
2.754340032781188788e-02 2.036585910838567826e-01 2.682526361511015207e-13 1.027256024716540561e-15 2.692798921758180711e-13
3.216514499587391773e-02 2.378322223800772017e-01 2.195657411061713838e-13 1.019048443080713198e-15 2.205847895492520869e-13
3.756241205850358728e-02 2.777401419759213952e-01 1.763163121228480921e-13 1.008887224226023143e-15 1.773251993470741101e-13
4.386533310618707243e-02 3.243445555561810800e-01 1.387033566194807622e-13 9.973166107500081464e-16 1.397006732302307583e-13
5.122587563119895132e-02 3.787691255953088421e-01 1.067454566257650210e-13 9.831377842872754542e-16 1.077285944100522963e-13
5.982150706187026185e-02 4.423260635845155386e-01 8.026835271134124963e-14 9.663830261597450278e-16 8.123473573750099663e-14
6.985947361676432543e-02 5.165477682972904327e-01 5.891424214126575712e-14 9.466923999330158169e-16 5.986093454119877412e-14
8.158179714469422639e-02 6.032237729123315351e-01 4.217241528529777440e-14 9.269199111173253288e-16 4.309933519641510091e-14
9.527111042761822468e-02 7.044438918128547167e-01 2.942648220715409402e-14 9.005653550164818744e-16 3.032704756217057609e-14
1.112574716393304325e-01 8.226486073594471149e-01 2.001005237864539466e-14 8.719786981448831986e-16 2.088203107679027845e-14
1.299263222609410018e-01 9.606879114940589659e-01 1.326142113915724080e-14 8.415811938131544708e-16 1.410300233297039596e-14
1.517277803236215528e-01 1.121890020884161343e+00 8.568957001346082329e-15 8.082578402897412519e-16 9.377214841635822891e-15
1.771874930446940555e-01 1.310141622373529380e+00 5.401948830937351705e-15 7.737297709924591938e-16 6.175678601929810603e-15
2.069193105211186157e-01 1.529981583509222975e+00 3.325504203282951679e-15 7.344479529518081585e-16 4.059952156234760232e-15
2.416400860513061855e-01 1.786710387566023961e+00 2.001442415628505990e-15 6.946293840039124554e-16 2.696071799632418544e-15
2.821869599305631415e-01 2.086517931617369648e+00 1.179167355625924320e-15 6.519716821957610150e-16 1.831139037821685434e-15
3.295375434436236262e-01 2.436632768946696892e+00 6.810450559774769518e-16 6.087272315499153894e-16 1.289772287527392440e-15
3.848334897033505730e-01 2.845496394130018203e+00 3.861873286203343489e-16 5.645114495947752793e-16 9.506987782151095790e-16
4.494080196437306718e-01 3.322966772915486366e+00 2.153322144471232709e-16 5.199221362570469789e-16 7.352543507041702497e-16
5.248180668366125845e-01 3.880556024136653459e+00 1.182421766509159021e-16 4.753694751089539848e-16 5.936116517598698869e-16
6.128818161644512541e-01 4.531707984323638527e+00 6.403753396613756046e-17 4.317156332215829913e-16 4.957531671877205764e-16
7.157225414306788158e-01 5.292122347274074379e+00 3.425420310190146562e-17 3.893095688218217801e-16 4.235637719237232395e-16
8.358197988607614093e-01 6.180133193797937352e+00 1.812143874621066858e-17 3.482716516690716921e-16 3.663930904152823730e-16
9.760692108022782643e-01 7.217151038232611171e+00 9.493196789213011533e-18 3.093515052059989094e-16 3.188447019952119117e-16
1.139852281047596616e+00 8.428179049754808361e+00 4.930272808075867123e-18 2.730556573759552579e-16 2.779859301840311420e-16
1.331117925071608088e+00 9.842415894918188357e+00 2.541095573196880162e-18 2.387167710124661928e-16 2.412578665856630656e-16
1.554477680931142913e+00 1.149395973633905044e+01 1.300982208289235255e-18 2.075704678061188086e-16 2.088714500144080417e-16
1.815316896422285664e+00 1.342263036139272891e+01 6.621984784964003224e-19 1.788426510432167577e-16 1.795048495217131622e-16
2.119924573289651004e+00 1.567492926297365052e+01 3.353493073238501795e-19 1.531284386310327945e-16 1.534637879383566351e-16
2.475644999115283795e+00 1.830516082048567839e+01 1.690782122129606242e-19 1.298985410871427150e-16 1.300676192993556802e-16
2.891054822829829174e+00 2.137674161345956492e+01 8.492062544830796552e-20 1.094864739725442795e-16 1.095713945979925817e-16
3.376169843250778957e+00 2.496372943619349627e+01 4.251059837341870352e-20 9.134043605058814517e-17 9.138294664896156354e-17
3.942686496452824318e+00 2.915260887894588038e+01 2.121949068742042026e-20 7.547451081425124217e-17 7.549573030493866836e-17
4.604263864386632932e+00 3.404437652719504825e+01 1.056565962960801924e-20 6.203824612316820194e-17 6.204881178279781112e-17
5.376853004155713656e+00 3.975697605446480765e+01 5.249648753813782237e-21 5.010336357181688876e-17 5.010861322057070128e-17
6.279081538292701659e+00 4.642814192037478449e+01 2.603540435018546827e-21 4.045546060029094083e-17 4.045806414072596107e-17
7.332702778754716100e+00 5.421872023731006607e+01 1.289169861817983199e-21 3.185668941241146316e-17 3.185797858227328359e-17
8.563120213307023221e+00 6.331654687394754433e+01 6.374761394982262689e-22 2.512211351134814172e-17 2.512275098748764081e-17
1.000000000000000000e+01 7.394097629921638770e+01 3.148537004858420811e-22 1.915369452153403571e-17 1.915400937523452258e-17
