# R[Mpc/h], R/R200c, Pth1h, Pth2h, (Pth1h+Pth2h) 
# Pth in [g cm^-1 s^-2]
4.999999999999999237e-03 1.069417557142773173e-02 3.412978928948251536e-11 2.763030439097734673e-14 3.415741959387349148e-11
5.838993118688259529e-03 1.248864351432212375e-02 3.217634372844441958e-11 2.761751303226924480e-14 3.220396124147668568e-11
6.818768128017769353e-03 1.458422070837552854e-02 3.027283213200597581e-11 2.760407224979550920e-14 3.030043620425577429e-11
7.962948035485325690e-03 1.703143287152712390e-02 2.841449799059398123e-11 2.759316573857467057e-14 2.844209115633255659e-11
9.299119756734202866e-03 1.988928386764958131e-02 2.659702061644181374e-11 2.758393099741682758e-14 2.662460454743923105e-11
1.085949925388581157e-02 2.322667832776866698e-02 2.481663060008979897e-11 2.749362178409508358e-14 2.484412422187389401e-11
1.268170828316790913e-02 2.712408298516539792e-02 2.307025044392951054e-11 2.747889583045389641e-14 2.309772933975996527e-11
1.480968147972586656e-02 3.167546678022201828e-02 2.135566013535265567e-11 2.739258973276549046e-14 2.138305272508542115e-11
1.729472565001686016e-02 3.699056651219098657e-02 1.967168460948819932e-11 2.730060261134716128e-14 1.969898521209954514e-11
2.019675681200996942e-02 4.319753266421273025e-02 1.801839591270247720e-11 2.721723820147411125e-14 1.804561315090395098e-11
2.358574480902929024e-02 5.044601919412990132e-02 1.639731724421654084e-11 2.704327104201085886e-14 1.642436051525855161e-11
2.754340032781188788e-02 5.891079178794809967e-02 1.481160897750206701e-11 2.684648486613368607e-14 1.483845546236820078e-11
3.216514499587391773e-02 6.879594157326116011e-02 1.326620870520369986e-11 2.663667498161028253e-14 1.329284538018530971e-11
3.756241205850358728e-02 8.033980588799030653e-02 1.176788939765034653e-11 2.637459982154573576e-14 1.179426399747189185e-11
4.386533310618707243e-02 9.382071474734519911e-02 1.032519382675818223e-11 2.608023018262692312e-14 1.035127405694080839e-11
5.122587563119895132e-02 1.095637015600326031e-01 8.948202280054996730e-12 2.571673612211634082e-14 8.973919016177112698e-12
5.982150706187026185e-02 1.279483398934089244e-01 7.648097700270602344e-12 2.528685748936993179e-14 7.673384557759971931e-12
6.985947361676432543e-02 1.494178952370402436e-01 6.436511027395557656e-12 2.478113022558918797e-14 6.461292157621146841e-12
8.158179714469422639e-02 1.744900124195923607e-01 5.324661463539304465e-12 2.427210792968567469e-14 5.348933571468990080e-12
9.527111042761822468e-02 2.037691963595657518e-01 4.322350014187031691e-12 2.359392760193021013e-14 4.345943941788961980e-12
1.112574716393304325e-01 2.379613870688282451e-01 3.436913256483948937e-12 2.285576468985946641e-14 3.459769021173808375e-12
1.299263222609410018e-01 2.778909803216804697e-01 2.672285510574216855e-12 2.207265153313566053e-14 2.694358162107352541e-12
1.517277803236215528e-01 3.245207043687654003e-01 2.028335516565809253e-12 2.121310966897193018e-14 2.049548626234781029e-12
1.771874930446940555e-01 3.789748319362176709e-01 1.500623992019013703e-12 2.031761863335064572e-14 1.520941610652364371e-12
2.069193105211186157e-01 4.425662871663232356e-01 1.080665533476666129e-12 1.929978862341048929e-14 1.099965322100076564e-12
2.416400860513061855e-01 5.168283010655148058e-01 7.566816527238491168e-13 1.826591499412439765e-14 7.749475677179734956e-13
2.821869599305631415e-01 6.035513786929769253e-01 5.147263597605382485e-13 1.715719351420800652e-14 5.318835532747462297e-13
3.295375434436236262e-01 7.048264693926209468e-01 3.399848821010477034e-13 1.603089840608100186e-14 3.560157805071287210e-13
3.848334897033505730e-01 8.230953809305715518e-01 2.180176474585505965e-13 1.487772944638197048e-14 2.328953769049325828e-13
4.494080196437306718e-01 9.612096530555398477e-01 1.357547169806066484e-13 1.371286041844047096e-14 1.494675773990471130e-13
5.248180668366125845e-01 1.122499309961605851e+00 8.212615174875799809e-14 1.254722101146191171e-14 9.467337276021991612e-14
6.128818161644512541e-01 1.310853149319627375e+00 4.831057186777263948e-14 1.140315725075000497e-14 5.971372911852264918e-14
7.157225414306788158e-01 1.530812503697627669e+00 2.766496981601663463e-14 1.029004942718261182e-14 3.795501924319924487e-14
8.358197988607614093e-01 1.787680735018479128e+00 1.544329765181666101e-14 9.211571361591459493e-15 2.465486901340811893e-14
9.760692108022782643e-01 2.087651102036894191e+00 8.416743793826694518e-15 8.187132909446340779e-15 1.660387670327303372e-14
1.139852281047596616e+00 2.437956083803077156e+00 4.486095645443753252e-15 7.230399258954532349e-15 1.171649490439828560e-14
1.331117925071608088e+00 2.847041759398072358e+00 2.342447411165751138e-15 6.324551662098755256e-15 8.666999073264506788e-15
1.554477680931142913e+00 3.324771448348692537e+00 1.200366389815266799e-15 5.501730263532334852e-15 6.702096653347601849e-15
1.815316896422285664e+00 3.882663521623843206e+00 6.047239840077157949e-16 4.742147744239887125e-15 5.346871728247602822e-15
2.119924573289651004e+00 4.534169116988708836e+00 3.000079969639879805e-16 4.061661487873274725e-15 4.361669484837262558e-15
2.475644999115283795e+00 5.294996454613179360e+00 1.468041859620561058e-16 3.446501778431528342e-15 3.593305964393584423e-15
2.891054822829829174e+00 6.183489572393018108e+00 7.096243774368240324e-17 2.905489425595855346e-15 2.976451863339537861e-15
3.376169843250778957e+00 7.221070612536695243e+00 3.393199303039183370e-17 2.424470303973249879e-15 2.458402297003641867e-15
3.942686496452824318e+00 8.432756323232757367e+00 1.607076232652580441e-17 2.003650974380689708e-15 2.019721736707215393e-15
4.604263864386632932e+00 9.847761228586195514e+00 7.547690516429257401e-18 1.647099940575973866e-15 1.654647631092403152e-15
5.376853004155713656e+00 1.150020200963997041e+01 3.518812863383096202e-18 1.330390492770810446e-15 1.333909305634193624e-15
6.279081538292701659e+00 1.342992007956253531e+01 1.630003848747011473e-18 1.074226880138112065e-15 1.075856883986859098e-15
7.332702778754716100e+00 1.568344218581978744e+01 7.508482407060877481e-19 8.459433731530845134e-16 8.466942213937905955e-16
8.563120213307023221e+00 1.831510220006940060e+01 3.441958815208826092e-19 6.671960378176753694e-16 6.675402336991962272e-16
1.000000000000000000e+01 2.138835114285546624e+01 1.571193905500728131e-19 5.084676189458356977e-16 5.086247383363857362e-16
