# R[Mpc/h], R/R200c, Pth1h, Pth2h, (Pth1h+Pth2h) 
# Pth in [g cm^-1 s^-2]
4.999999999999999237e-03 5.521619470785107259e-02 1.512246129324716709e-13 2.908909804885494478e-16 1.515155039129602141e-13
5.756976996632233792e-03 6.357567255493302982e-02 1.385631622081591287e-13 2.906215463092310242e-16 1.388537837544683527e-13
6.628556827950546522e-03 7.320073688883463325e-02 1.261847853630414264e-13 2.905407652166697137e-16 1.264753261282581084e-13
7.632089835876165913e-03 8.428299168110992001e-02 1.141257285665342053e-13 2.909071839036549602e-16 1.144166357504378633e-13
8.787553124273954006e-03 9.704304886309915446e-02 1.024321266443205668e-13 2.903789647656422796e-16 1.027225056090862072e-13
1.011794823862578740e-02 1.117349199975840868e-01 9.115916934450966011e-14 2.910909075057156395e-16 9.145026025201538171e-14
1.164975905257685865e-02 1.286510728293269179e-01 8.036945169888828368e-14 2.894265354842467376e-16 8.065887823437252544e-14
1.341347897639862813e-02 1.481282533740987395e-01 7.013041693374404660e-14 2.893415691331872594e-16 7.041975850287722868e-14
1.544421798238740720e-02 1.705541894451996221e-01 6.051089156187352212e-14 2.884799155039915191e-16 6.079937147737750752e-14
1.778240153111564081e-02 1.963753090630540876e-01 5.157684020499284001e-14 2.881822874970506100e-16 5.186502249248989348e-14
2.047457531190212399e-02 2.261056273965097174e-01 4.338661987439514462e-14 2.869701588381448799e-16 4.367359003323329211e-14
2.357433181728696772e-02 2.603369791461612182e-01 3.598616471507196318e-14 2.862557027897483402e-16 3.627242041786170984e-14
2.714337719661929355e-02 2.997508000634351855e-01 2.940464670431310574e-14 2.845019918310002225e-16 2.968914869614410734e-14
3.125275962636985677e-02 3.451316921374610880e-01 2.365119612288501079e-14 2.833562660613976706e-16 2.393455238894640797e-14
3.598428365005760382e-02 3.973830424888246116e-01 1.871319707034255199e-14 2.816313809270067702e-16 1.899482845126955777e-14
4.143213864273420644e-02 4.575450068919785784e-01 1.455648956862846363e-14 2.793643747208885070e-16 1.483585394334935347e-14
4.770477381749969187e-02 5.268152159202118545e-01 1.112753462698761743e-14 2.767902035422337788e-16 1.140432483052985087e-14
5.492705709937791003e-02 6.065726159057009959e-01 8.357287310101357045e-15 2.738221872118055252e-16 8.631109497313162669e-15
6.324276084276478360e-02 6.984049193112321641e-01 6.166248777113265069e-15 2.702834804984733080e-16 6.436532257611738672e-15
7.281742387506216774e-02 8.041402109619113503e-01 4.469999901894525666e-15 2.663083658638041023e-16 4.736308267758329621e-15
8.384164684055039896e-02 9.258833393149437097e-01 3.184496171037133848e-15 2.620321948159228963e-16 3.446528365853056744e-15
9.653488644416247100e-02 1.066057817200233737e+00 2.230523274747138137e-15 2.565580923136332580e-16 2.487081367060771247e-15
1.111498241263097070e-01 1.227454066140344136e+00 1.536932444404252109e-15 2.507266683774146263e-16 1.787659112781666834e-15
1.279773961349767730e-01 1.413284964638533259e+00 1.042529054583741346e-15 2.443464725017849069e-16 1.286875527085526302e-15
1.473525851275904741e-01 1.627249806222047512e+00 6.967135871586969430e-16 2.368965005229213523e-16 9.336100876816182460e-16
1.696610885947663627e-01 1.873607940438918540e+00 4.591278113431185489e-16 2.297344176266841895e-16 6.888622289698027877e-16
1.953469968527308254e-01 2.157263562762871789e+00 2.986268896202348176e-16 2.210008987849668293e-16 5.196277884052016469e-16
2.249216334484722968e-01 2.483863341299751504e+00 1.918911853280089380e-16 2.125352690138737137e-16 4.044264543418826271e-16
2.589737339615604816e-01 2.859908823728150029e+00 1.219353170473862932e-16 2.029385184916976489e-16 3.248738355390839668e-16
2.981811658297320866e-01 3.292885862133704045e+00 7.669458002785838476e-17 1.926001091734529105e-16 2.692946892013112953e-16
3.433244225021500617e-01 3.791413632167849546e+00 4.779263166379428534e-17 1.825688380301927131e-16 2.303614696939869923e-16
3.953021605453848064e-01 4.365416213021635627e+00 2.953260263146214360e-17 1.717829276552384271e-16 2.013155302867005768e-16
4.551490889957608421e-01 5.026320143818194808e+00 1.811129744435970878e-17 1.607244106966895306e-16 1.788357081410492486e-16
5.240565670773426055e-01 5.787281889134114010e+00 1.103173046648747635e-17 1.495329218262306739e-16 1.605646522927181595e-16
6.033963203196643921e-01 6.663449741754294386e+00 6.678797521524297747e-18 1.382857370665162764e-16 1.449645345880405796e-16
6.947477471865686205e-01 7.672265376298894601e+00 4.021632296640137122e-18 1.283102107768348391e-16 1.323318430734749693e-16
7.999293598030285946e-01 8.833811056682138840e+00 2.410013667253032878e-18 1.160385920897180927e-16 1.184486057569711160e-16
9.210349846633580917e-01 1.017120940918292327e+01 1.438098892354027263e-18 1.053607005593885130e-16 1.067987994517425451e-16
1.060475443960094966e+00 1.171108371931908465e+01 8.549203567711862658e-19 9.501213260062369539e-17 9.586705295739488311e-17
1.221026547274324692e+00 1.348408791555084996e+01 5.065515832922939588e-19 8.510454307228173260e-17 8.561109465557402251e-17
1.405884348987115340e+00 1.552551679007860486e+01 2.992648362515788571e-19 7.558031134084425366e-17 7.587957617709583165e-17
1.618728771408821432e+00 1.787600860426201166e+01 1.763500667297443863e-19 6.691397569227787728e-17 6.709032575900762263e-17
1.863796860157468815e+00 2.058235406526726052e+01 1.036859975528639500e-19 5.871558321119016802e-17 5.881926920874303634e-17
2.145967130064388773e+00 2.369842777805673606e+01 6.084292005732503572e-20 5.117368477493501654e-17 5.123452769499234033e-17
2.470856680661916105e+00 2.728626071492459815e+01 3.564119006226977953e-20 4.426989561910122757e-17 4.430553680916349464e-17
2.844933014509146041e+00 3.141727505198614878e+01 2.084685769322325663e-20 3.803395832825503604e-17 3.805480518594825974e-17
3.275642784297754240e+00 3.617370595423044932e+01 1.217749521466142060e-20 3.240463915237336064e-17 3.241681664758802102e-17
3.771560031677307023e+00 4.165023861228863922e+01 7.105209749791321606e-21 2.744388066779485326e-17 2.745098587754464449e-17
4.342556868756759947e+00 4.795589311903787433e+01 4.141532418298583507e-21 2.298774807486022927e-17 2.299188960727852864e-17
5.000000000000000888e+00 5.521619470785109485e+01 2.411938301658467434e-21 1.920866924464765743e-17 1.921108118294931723e-17
