# R[Mpc/h], R/R200c, Pth1h, Pth2h, (Pth1h+Pth2h) 
# Pth in [g cm^-1 s^-2]
4.999999999999999237e-03 2.423970413118626405e-02 1.302296936732874259e-12 1.935458955909691015e-15 1.304232395688783882e-12
5.756976996632233792e-03 2.790948381768213263e-02 1.218130848027745214e-12 1.934841011758649737e-15 1.220065689039503890e-12
6.628556827950546522e-03 3.213485126525515712e-02 1.135413698096263228e-12 1.934004226641822575e-15 1.137347702322904995e-12
7.632089835876165913e-03 3.699991990485444054e-02 1.054112331194266456e-12 1.932837273533437925e-15 1.056045168467799909e-12
8.787553124273954006e-03 4.260153755389643054e-02 9.742392404329403775e-13 1.930037151753574113e-15 9.761692775846939007e-13
1.011794823862578740e-02 4.905121434378926365e-02 8.958585572868924620e-13 1.929664129539535508e-15 8.977882214164319881e-13
1.164975905257685865e-02 5.647734252681437667e-02 8.190912533685456335e-13 1.924671713373718142e-15 8.210159250819193955e-13
1.341347897639862813e-02 6.502775235155799916e-02 7.441188018857994113e-13 1.924126076600331635e-15 7.460429279623997315e-13
1.544421798238740720e-02 7.487265488612344921e-02 6.711843909782591166e-13 1.919259302216377761e-15 6.731036502804755354e-13
1.778240153111564081e-02 8.620803037123936363e-02 6.005906845007483762e-13 1.917391724228110517e-15 6.025080762249764583e-13
2.047457531190212399e-02 9.925952955443964609e-02 5.326931395303169529e-13 1.910523687770056530e-15 5.346036632180870391e-13
2.357433181728696772e-02 1.142869656682893587e-01 4.678880713471982213e-13 1.906256451882671164e-15 4.697943277990808774e-13
2.714337719661929355e-02 1.315894864734479530e-01 4.065950559011897172e-13 1.896069027864956874e-15 4.084911249290546741e-13
3.125275962636985677e-02 1.515115293252577433e-01 3.492338992982813373e-13 1.889494102447672404e-15 3.511233934007290069e-13
3.598428365005760382e-02 1.744496778100159406e-01 2.961972543861331931e-13 1.878950322282434760e-15 2.980762047084156519e-13
4.143213864273420644e-02 2.008605564444332914e-01 2.478209243875857233e-13 1.866137095149006081e-15 2.496870614827347468e-13
4.770477381749969187e-02 2.312699205962707449e-01 2.043547829227324361e-13 1.864462745488273964e-15 2.062192456682207045e-13
5.492705709937791003e-02 2.662831225771389310e-01 1.659378225585229353e-13 1.833460440334873759e-15 1.677712829988578087e-13
6.324276084276478360e-02 3.065971622535981211e-01 1.325808834528529362e-13 1.812528806787365253e-15 1.343934122596403141e-13
7.281742387506216774e-02 3.530145620653372118e-01 1.041599540904248695e-13 1.788869540164955845e-15 1.059488236305898198e-13
8.384164684055039896e-02 4.064593426572699064e-01 8.042158516814273409e-14 1.761182184951627794e-15 8.218276735309436543e-14
9.653488644416247100e-02 4.679954171488324155e-01 6.100013015052693605e-14 1.730510789416497186e-15 6.273064093994343186e-14
1.111498241263097070e-01 5.388477702110272549e-01 4.544461559924436164e-14 1.695278039690070322e-15 4.713989363893443374e-14
1.279773961349767730e-01 6.204268435582915853e-01 3.325151651772648574e-14 1.656398298588031046e-15 3.490791481631451718e-14
1.473525851275904741e-01 7.143566132916461253e-01 2.389895048088727670e-14 1.611430980785328443e-15 2.551038146167260672e-14
1.696610885947663627e-01 8.225069180224234833e-01 1.687797561467121755e-14 1.566537480021436182e-15 1.844451309469265412e-14
1.953469968527308254e-01 9.470306813251939682e-01 1.171767469298581180e-14 1.514938876476573400e-15 1.323261356946238540e-14
2.249216334484722968e-01 1.090406769498819317e+00 8.002201108694086865e-15 1.458744109082305846e-15 9.460945217776392119e-15
2.589737339615604816e-01 1.255489337795354210e+00 5.379530317779365241e-15 1.398830891805684005e-15 6.778361209585049443e-15
2.981811658297320866e-01 1.445564647440978900e+00 3.562935889595197032e-15 1.333417959755281398e-15 4.896353849350478824e-15
3.433244225021500617e-01 1.664416484492501125e+00 2.326982782246280728e-15 1.268720653173654590e-15 3.595703435419935712e-15
3.953021605453848064e-01 1.916401482807764234e+00 1.500073695609580691e-15 1.198917760708646347e-15 2.698991456318227038e-15
4.551490889957608421e-01 2.206535850567242107e+00 9.554078734263322108e-16 1.126846306916836975e-15 2.082254180343168989e-15
5.240565670773426055e-01 2.540595226791990680e+00 6.017900733407252059e-16 1.053148633046234323e-15 1.654938706386959529e-15
6.033963203196643921e-01 2.925229655679032259e+00 3.752297487386044420e-16 9.788482762704299542e-16 1.354078025009034495e-15
6.947477471865686205e-01 3.368095967522124035e+00 2.318185172345745930e-16 9.031125170627658921e-16 1.134931034297340584e-15
7.999293598030285946e-01 3.878010201494931586e+00 1.420305640365387695e-16 8.287089109708049767e-16 9.707394750073436723e-16
9.210349846633580917e-01 4.465123104542295884e+00 8.636954626257301955e-17 7.558051814536967330e-16 8.421747277162697402e-16
1.060475443960094966e+00 5.141122199996220665e+00 5.217022565007079607e-17 6.845856073164013503e-16 7.367558329664721156e-16
1.221026547274324692e+00 5.919464448450709959e+00 3.132425191459583312e-17 6.158506074097622282e-16 6.471748593243580244e-16
1.405884348987115340e+00 6.815644132422619350e+00 1.870774546300981254e-17 5.492357725031785165e-16 5.679435179661883691e-16
1.618728771408821432e+00 7.847501297517696095e+00 1.112003768797065043e-17 4.881465313820262139e-16 4.992665690699968428e-16
1.863796860157468815e+00 9.035576890170197828e+00 6.582210062951389171e-18 4.296417615977400381e-16 4.362239716606914311e-16
2.145967130064388773e+00 1.040352166160234049e+01 3.881780661091152207e-18 3.761716869789692531e-16 3.800534676400604291e-16
2.470856680661916105e+00 1.197856697796196634e+01 2.281786777588472656e-18 3.263605773390448506e-16 3.286423641166333313e-16
2.844933014509146041e+00 1.379206690894910992e+01 1.337440595082083964e-18 2.812805965073903726e-16 2.826180371024724337e-16
3.275642784297754240e+00 1.588012238616655125e+01 7.819537319455750463e-19 2.402339741052161131e-16 2.410159278371616785e-16
3.771560031677307023e+00 1.828429985617308517e+01 4.561727097149879930e-19 2.038521685151300300e-16 2.043083412248450141e-16
4.342556868756759947e+00 2.105245873430290615e+01 2.656062317578981150e-19 1.710903946892472661e-16 1.713560009210051581e-16
5.000000000000000888e+00 2.423970413118627221e+01 1.543877958545050057e-19 1.431070348851878908e-16 1.432614226810423945e-16
