# R[Mpc/h], R/R200c, Pth1h, Pth2h, (Pth1h+Pth2h) 
# Pth in [g cm^-1 s^-2]
4.999999999999999237e-03 5.521619470785109861e-03 1.122654268209982775e-10 1.228771387345838168e-13 1.123883039597328631e-10
5.756976996632233792e-03 6.357567255493305931e-03 1.068833493052006539e-10 1.227633253018800289e-13 1.070061126305025297e-10
6.628556827950546522e-03 7.320073688883464887e-03 1.016552910434322071e-10 1.227292020385835558e-13 1.017780202454707878e-10
7.632089835876165913e-03 8.428299168110994083e-03 9.656957451159038267e-11 1.228839833238610498e-13 9.669245849491424650e-11
8.787553124273954006e-03 9.704304886309918221e-03 9.161490960548529113e-11 1.226608548645502684e-13 9.173757046034983519e-11
1.011794823862578740e-02 1.117349199975841215e-02 8.678047080879229352e-11 1.229615911977854131e-13 8.690343239999008270e-11
1.164975905257685865e-02 1.286510728293269699e-02 8.205600056532741648e-11 1.222585330574307969e-13 8.217825909838485305e-11
1.341347897639862813e-02 1.481282533740987950e-02 7.743194291552544803e-11 1.222226418720478463e-13 7.755416555739749113e-11
1.544421798238740720e-02 1.705541894451996845e-02 7.289961122463428853e-11 1.218586651947441146e-13 7.302146988982903464e-11
1.778240153111564081e-02 1.963753090630541639e-02 6.845139309605288776e-11 1.217329422251326631e-13 6.857312603827802555e-11
2.047457531190212399e-02 2.261056273965097660e-02 6.408099410585707398e-11 1.212209191258452307e-13 6.420221502498292345e-11
2.357433181728696772e-02 2.603369791461613084e-02 5.978371955065425724e-11 1.209191211298017524e-13 5.990463867178405541e-11
2.714337719661929355e-02 2.997508000634353104e-02 5.555678968483157373e-11 1.201783247516652151e-13 5.567696800958323924e-11
3.125275962636985677e-02 3.451316921374612129e-02 5.139967866823613867e-11 1.196943513259276380e-13 5.151937301956206553e-11
3.598428365005760382e-02 3.973830424888247226e-02 4.731446047657420850e-11 1.189657314505235262e-13 4.743342620802472953e-11
4.143213864273420644e-02 4.575450068919787588e-02 4.330613637465041301e-11 1.180081107101569908e-13 4.342414448536057223e-11
4.770477381749969187e-02 5.268152159202120488e-02 3.938290860818213079e-11 1.169207384289165752e-13 3.949982934661104684e-11
5.492705709937791003e-02 6.065726159057011763e-02 3.555635467282019281e-11 1.156669994721843369e-13 3.567202167229237558e-11
6.324276084276478360e-02 6.984049193112323861e-02 3.184144754080570695e-11 1.141721915031478272e-13 3.195561973230885414e-11
7.281742387506216774e-02 8.041402109619116834e-02 2.825636207963132504e-11 1.124930376440980104e-13 2.836885511727542430e-11
8.384164684055039896e-02 9.258833393149440427e-02 2.482200986174022278e-11 1.106867126001903599e-13 2.493269657434041213e-11
9.653488644416247100e-02 1.066057817200234265e-01 2.156125728090543687e-11 1.083743615898857748e-13 2.166963164249532329e-11
1.111498241263097070e-01 1.227454066140344635e-01 1.849780850705582706e-11 1.059110721237514844e-13 1.860371957917957720e-11
1.279773961349767730e-01 1.413284964638533703e-01 1.565477664129267535e-11 1.032159723566605312e-13 1.575799261364933664e-11
1.473525851275904741e-01 1.627249806222048067e-01 1.305302131994713452e-11 1.000689815531709607e-13 1.315309030150030512e-11
1.696610885947663627e-01 1.873607940438919151e-01 1.070939190017816913e-11 9.704359983734207304e-14 1.080643550001551122e-11
1.953469968527308254e-01 2.157263562762872233e-01 8.635069867896202190e-12 9.335441770954376318e-14 8.728424285605745625e-12
2.249216334484722968e-01 2.483863341299752392e-01 6.834236093038905114e-12 8.977839633511044316e-14 6.924014489374015506e-12
2.589737339615604816e-01 2.859908823728151139e-01 5.303282090599540661e-12 8.572457093518167584e-14 5.389006661534722198e-12
2.981811658297320866e-01 3.292885862133704822e-01 4.030729781870852977e-12 8.135745665078791614e-14 4.112087238521640880e-12
3.433244225021500617e-01 3.791413632167850989e-01 2.997923818846300500e-12 7.712008258754109193e-14 3.075043901433841681e-12
3.953021605453848064e-01 4.365416213021636738e-01 2.180431986753618299e-12 7.256393649014020125e-14 2.252995923243758500e-12
4.551490889957608421e-01 5.026320143818195918e-01 1.549962794223966805e-12 6.789263688424589561e-14 1.617855431108212764e-12
5.240565670773426055e-01 5.787281889134116009e-01 1.076519140088655111e-12 6.316516775380974818e-14 1.139684307842464960e-12
6.033963203196643921e-01 6.663449741754295941e-01 7.304785019813308941e-13 5.841417176289998564e-14 7.888926737442308924e-13
6.947477471865686205e-01 7.672265376298896822e-01 4.843303393407414255e-13 5.420034524346294132e-14 5.385306845842044173e-13
7.999293598030285946e-01 8.833811056682141505e-01 3.138956082342987959e-13 4.901661149763748473e-14 3.629122197319362743e-13
9.210349846633580917e-01 1.017120940918292638e+00 1.989711662593625103e-13 4.450609433838581761e-14 2.434772605977483090e-13
1.060475443960094966e+00 1.171108371931908865e+00 1.234497576008336301e-13 4.013468887700723526e-14 1.635844464778408591e-13
1.221026547274324692e+00 1.348408791555085529e+00 7.503939460390020711e-14 3.594955996391840263e-14 1.109889545678186097e-13
1.405884348987115340e+00 1.552551679007861063e+00 4.473501680565858281e-14 3.192636769498440675e-14 7.666138450064298956e-14
1.618728771408821432e+00 1.787600860426201699e+00 2.618589807194696721e-14 2.826556485393073064e-14 5.445146292587770101e-14
1.863796860157468815e+00 2.058235406526726763e+00 1.506882198626051356e-14 2.480242890998614010e-14 3.987125089624665367e-14
2.145967130064388773e+00 2.369842777805674316e+00 8.535482823656865593e-15 2.161660685762330310e-14 3.015208968128016870e-14
2.470856680661916105e+00 2.728626071492460614e+00 4.764983821281452945e-15 1.870033266970950376e-14 2.346531649099095670e-14
2.844933014509146041e+00 3.141727505198615766e+00 2.624938513189695058e-15 1.606617010358057624e-14 1.869110861677027050e-14
3.275642784297754240e+00 3.617370595423046176e+00 1.428646439175015086e-15 1.368825301521181484e-14 1.511689945438683111e-14
3.771560031677307023e+00 4.165023861228864810e+00 7.690932418312008133e-16 1.159274696853219830e-14 1.236184021036339872e-14
4.342556868756759947e+00 4.795589311903789564e+00 4.099725791085520854e-16 9.710403205511048934e-15 1.012037578461960156e-14
5.000000000000000888e+00 5.521619470785111616e+00 2.166178679730011437e-16 8.114058097357250789e-15 8.330675965330251735e-15
