# R[Mpc/h], R/R200c, rho1h, rho2h, (rho1h+rho2h) 
# rho in [g/cm3]
4.999999999999999237e-03 7.316525307797223932e-02 3.657795701507812589e-27 8.130077484279878917e-30 3.665925778992092269e-27
5.756976996632233792e-03 8.424213578453239315e-02 3.417452993241412145e-27 8.124575082524440993e-30 3.425577568323936745e-27
6.628556827950546522e-03 9.699600757174453580e-02 3.171438158342132075e-27 8.121505813547773964e-30 3.179559664155679757e-27
7.632089835876165913e-03 1.116807568711398746e-01 2.920470018655524348e-27 8.144602080057722514e-30 2.928614620735582170e-27
8.787553124273954006e-03 1.285887096547259079e-01 2.665789451064600000e-27 8.114929798800542831e-30 2.673904380863400619e-27
1.011794823862578740e-02 1.480564487017758668e-01 2.409214734141785198e-27 8.115956387300700147e-30 2.417330690529086076e-27
1.164975905257685865e-02 1.704715138758368109e-01 2.153156455518540352e-27 8.093915446417065507e-30 2.161250370964957497e-27
1.341347897639862813e-02 1.962801167928531765e-01 1.900574103843369844e-27 8.085058920214007791e-30 1.908659162763583865e-27
1.544421798238740720e-02 2.259960234545489166e-01 1.654860235316605534e-27 8.066272601964785768e-30 1.662926507918570261e-27
1.778240153111564081e-02 2.602107816716394129e-01 1.419647333239815364e-27 8.052187037941103916e-30 1.427699520277756487e-27
2.047457531190212399e-02 2.996054968718643297e-01 1.198546976068957247e-27 8.021663539898750358e-30 1.206568639608855942e-27
2.357433181728696772e-02 3.449643907111789032e-01 9.948482794338011198e-28 7.994652100575508483e-30 1.002842931534376627e-27
2.714337719661929355e-02 3.971904123963023170e-01 8.112180562442959547e-28 7.954187774504707726e-30 8.191722440188006246e-28
3.125275962636985677e-02 4.573232134896768053e-01 6.494528869679673773e-28 7.911524157226980716e-30 6.573644111251943300e-28
3.598428365005760382e-02 5.265598440172006844e-01 5.103286989607547814e-28 7.852890801933254164e-30 5.181815897626880216e-28
4.143213864273420644e-02 6.062785818714564456e-01 3.935757746607939422e-28 7.794178279369231468e-30 4.013699529401631709e-28
4.770477381749969187e-02 6.980663698769579151e-01 2.979807217319599247e-28 7.718957397538909983e-30 3.056996791294988220e-28
5.492705709937791003e-02 8.037504067008434117e-01 2.215900738521744702e-28 7.631114523955869391e-30 2.292211883761303326e-28
6.324276084276478360e-02 9.254345204821118331e-01 1.619714513487990124e-28 7.527220621165857331e-30 1.694986719699648614e-28
7.281742387506216774e-02 1.065541049260980477e+00 1.164827588577690700e-28 7.411096598302558073e-30 1.238938554560716323e-28
8.384164684055039896e-02 1.226859061912568549e+00 8.250750770896120648e-29 7.284010732842976389e-30 8.979151844180418147e-29
9.653488644416247100e-02 1.412599879508092071e+00 5.763027502786050811e-29 7.123381138104638602e-30 6.475365616596514111e-29
1.111498241263097070e-01 1.626461002354711249e+00 3.974408033043570813e-29 6.953371865054204218e-30 4.669745219548991375e-29
1.279773961349767730e-01 1.872699715295096601e+00 2.709578461072495545e-29 6.762530070549424350e-30 3.385831468127437840e-29
1.473525851275904741e-01 2.156217836510721408e+00 1.828394587710464747e-29 6.547777642827079572e-30 2.483172351993172564e-29
1.696610885947663627e-01 2.482659296904070612e+00 1.222601382530352043e-29 6.341012562555814261e-30 1.856702638785933469e-29
1.953469968527308254e-01 2.858522492550379823e+00 8.110028227904314899e-30 6.096262606743765661e-30 1.420629083464807916e-29
2.249216334484722968e-01 3.291289646793676749e+00 5.342206566491590787e-30 5.839659427092692559e-30 1.118186599358428335e-29
2.589737339615604816e-01 3.789575757169005854e+00 3.497662539208715406e-30 5.567982702600301415e-30 9.065645241809017522e-30
2.981811658297320866e-01 4.363300092203432179e+00 2.277987293115619809e-30 5.272633759582696945e-30 7.550621052698316404e-30
3.433244225021500617e-01 5.023883652043696024e+00 1.476924137871024185e-30 4.987828379560645505e-30 6.464752517431669514e-30
3.953021605453848064e-01 5.784476523714459084e+00 9.538455085543142978e-31 4.683101952141934802e-30 5.636947460696249100e-30
4.551490889957608421e-01 6.660219656916671838e+00 6.139813175649433435e-31 4.372593142922882138e-30 4.986574460487825744e-30
5.240565670773426055e-01 7.668546271477422849e+00 3.940957906417703074e-31 4.059912009721408609e-30 4.454007800363179136e-30
6.033963203196643921e-01 8.829528896501091850e+00 2.523488916062134848e-31 3.749828857488688281e-30 4.002177749094902073e-30
6.947477471865686205e-01 1.016627894965127510e+01 1.612544888593401384e-31 3.440026480915962353e-30 3.601280969775302404e-30
7.999293598030285946e-01 1.170540681089778268e+01 1.028651664876657762e-31 3.136045380729522858e-30 3.238910547217188350e-30
9.210349846633580917e-01 1.347755154931217803e+01 6.552191460917600276e-32 2.844303025795875082e-30 2.909824940405051173e-30
1.060475443960094966e+00 1.551799084806306617e+01 4.168358687894729704e-32 2.562276088948813572e-30 2.603959675827760902e-30
1.221026547274324692e+00 1.786734326924972294e+01 2.649034575479415032e-32 2.293351648337672872e-30 2.319841994092466973e-30
1.405884348987115340e+00 2.057237683840051190e+01 1.681997388473158553e-32 2.034925468312393150e-30 2.051745442197124626e-30
1.618728771408821432e+00 2.368694004494430416e+01 1.067181789555231700e-32 1.800825298448610549e-30 1.811497116344162714e-30
1.863796860157468815e+00 2.727303379187025101e+01 6.766714888675981891e-33 1.579308441484813836e-30 1.586075156373489915e-30
2.145967130064388773e+00 3.140204563363415957e+01 4.288316484893431947e-33 1.375806365971185891e-30 1.380094682456079265e-30
2.470856680661916105e+00 3.615617087200551083e+01 2.716449599405738059e-33 1.189566755109732975e-30 1.192283204709138630e-30
2.844933014509146041e+00 4.163004879928803348e+01 1.720097444016539091e-33 1.021393512662069456e-30 1.023113610106085978e-30
3.275642784297754240e+00 4.793264666123577200e+01 1.088847147189829868e-33 8.696821916101061479e-31 8.707710387572960469e-31
3.771560031677307023e+00 5.518942884328703968e+01 6.890727442614833815e-34 7.360915720331601919e-31 7.367806447774216640e-31
4.342556868756759947e+00 6.354485446161501727e+01 4.359793230252080072e-34 6.161098349441171660e-31 6.165458142671423849e-31
5.000000000000000888e+00 7.316525307797226674e+01 2.757940256011454280e-34 5.146544993767892853e-31 5.149302934023904670e-31
