# R[Mpc/h], R/R200c, rho1h, rho2h, (rho1h+rho2h) 
# rho in [g/cm3]
4.999999999999999237e-03 1.576297593361454530e-02 2.173038132971638309e-26 2.067534818615831235e-29 2.175105667790254055e-26
5.756976996632233792e-03 1.814941796965728951e-02 2.085174985494946163e-26 2.066135519871461816e-29 2.087241121014817523e-26
6.628556827950546522e-03 2.089715635071616798e-02 1.996710883493277093e-26 2.065354983586382455e-29 1.998776238476863614e-26
7.632089835876165913e-03 2.406088968122004068e-02 1.907423117871323376e-26 2.071228523571917017e-29 1.909494346394895414e-26
8.787553124273954006e-03 2.770359768265793013e-02 1.817105899889846863e-26 2.063682657648051209e-29 1.819169582547494892e-26
1.011794823862578740e-02 3.189779491660319627e-02 1.725580662092841000e-26 2.063943726189225558e-29 1.727644605819030128e-26
1.164975905257685865e-02 3.672697431563544390e-02 1.632708738097842095e-26 2.058338562794403281e-29 1.634767076660636619e-26
1.341347897639862813e-02 4.228726925820325278e-02 1.538406458783516510e-26 2.056086287052601637e-29 1.540462545070569140e-26
1.544421798238740720e-02 4.868936727397393804e-02 1.442662458447022391e-26 2.051308796657343683e-29 1.444713767243679739e-26
1.778240153111564081e-02 5.606071347536926291e-02 1.345556625948181721e-26 2.047726740506570372e-29 1.347604352688688352e-26
2.047457531190212399e-02 6.454804757849834373e-02 1.247279652910915096e-26 2.039964404279081064e-29 1.249319617315194209e-26
2.357433181728696772e-02 7.432032501738762564e-02 1.148151535992516344e-26 2.033095208824339054e-29 1.150184631201340710e-26
2.714337719661929355e-02 8.557208030146636057e-02 1.048636732197009925e-26 2.022804851416924294e-29 1.050659537048426902e-26
3.125275962636985677e-02 9.852729956990168014e-02 9.493530463017543556e-27 2.011955199075926862e-29 9.513650015008303542e-27
3.598428365005760382e-02 1.134438794328434807e-01 8.510709099839547200e-27 1.997044332133217715e-29 8.530679543160879086e-27
4.143213864273420644e-02 1.306187608607201067e-01 7.546997102205923006e-27 1.982113332407244073e-29 7.566818235529995276e-27
4.770477381749969187e-02 1.503938403207545904e-01 6.612584779444291353e-27 1.962984142978006615e-29 6.632214620874071539e-27
5.492705709937791003e-02 1.731627758323532051e-01 5.718297459382622512e-27 1.940645093928181893e-29 5.737703910321904102e-27
6.324276084276478360e-02 1.993788234279683380e-01 4.874977659885139774e-27 1.914224157365700012e-29 4.894119901458796925e-27
7.281742387506216774e-02 2.295638600180828492e-01 4.092753184146428471e-27 1.884693016855431665e-29 4.111600114314982535e-27
8.384164684055039896e-02 2.643187722764411829e-01 3.380265073076880824e-27 1.852374204113531632e-29 3.398788815118016309e-27
9.653488644416247100e-02 3.043354183547092306e-01 2.743953872339645687e-27 1.811524989494872088e-29 2.762069122234594405e-27
1.111498241263097070e-01 3.504104005457018833e-01 2.187511036057026386e-27 1.768290457942253431e-29 2.205193940636448909e-27
1.279773961349767730e-01 4.034609230644588540e-01 1.711587865473358245e-27 1.719758072396272613e-29 1.728785446197321035e-27
1.473525851275904741e-01 4.645430506244194735e-01 1.313816467214710095e-27 1.665145047790204869e-29 1.330467917692612118e-27
1.696610885947663627e-01 5.348727312780294785e-01 9.891429127779659895e-28 1.612563260770174034e-29 1.005268545385667665e-27
1.953469968527308254e-01 6.158500020186945534e-01 7.304157509500254728e-28 1.550321657725854012e-29 7.459189675272839792e-28
2.249216334484722968e-01 7.090868589995082960e-01 5.291290146259724060e-28 1.485065698047493775e-29 5.439796716064473550e-28
2.589737339615604816e-01 8.164393471748747633e-01 3.761997518166068374e-28 1.415976431877323398e-29 3.903595161353800518e-28
2.981811658297320866e-01 9.400445081662389679e-01 2.626693634340414904e-28 1.340867157148883434e-29 2.760780350055303388e-28
3.433244225021500617e-01 1.082362921864700844e+00 1.802498583077455174e-28 1.268439183262623503e-29 1.929342501403717497e-28
3.953021605453848064e-01 1.246227688636546871e+00 1.216786118626105704e-28 1.190945149526928858e-29 1.335880633578798617e-28
4.551490889957608421e-01 1.434900827209352636e+00 8.088547686938861791e-29 1.111980616189004071e-29 9.200528303127865582e-29
5.240565670773426055e-01 1.652138210938561835e+00 5.300492881583918845e-29 1.032463645868816782e-29 6.332956527452735067e-29
6.033963203196643921e-01 1.902264335126088834e+00 3.427985844072925445e-29 9.536073600404316236e-30 4.381593204113356789e-29
6.947477471865686205e-01 2.190258403766960793e+00 2.190429076096510759e-29 8.748224774003139379e-30 3.065251553496824837e-29
7.999293598030285946e-01 2.521853449433366201e+00 1.384424088875612583e-29 7.975179855240866613e-30 2.181942074399699105e-29
9.210349846633580917e-01 2.903650459453111399e+00 8.664123562601906355e-30 7.233258910383205861e-30 1.589738247298511222e-29
1.060475443960094966e+00 3.343249780266435600e+00 5.374502875334733832e-30 6.516044944284683899e-30 1.189054781961941773e-29
1.221026547274324692e+00 3.849402415797928967e+00 3.307692054699242148e-30 5.832151530457562652e-30 9.139843585156804801e-30
1.405884348987115340e+00 4.432184231705850408e+00 2.021479544779743838e-30 5.174955917897573125e-30 7.196435462677317314e-30
1.618728771408821432e+00 5.103196533353338893e+00 1.227788715983423832e-30 4.579623028176507902e-30 5.807411744159931909e-30
1.863796860157468815e+00 5.875797010361707429e+00 7.416659124545233426e-31 4.016290371669165836e-30 4.757956284123689266e-30
2.145967130064388773e+00 6.765365645106567349e+00 4.458742380374448705e-31 3.498770547782413482e-30 3.944644785819858265e-30
2.470856680661916105e+00 7.789610878536901595e+00 2.669283841339233496e-31 3.025150362973537189e-30 3.292078747107460363e-30
2.844933014509146041e+00 8.968922128090630608e+00 1.592157892626222866e-31 2.597474199994303037e-30 2.756689989256925324e-30
3.275642784297754240e+00 1.032677567520072870e+01 9.466534129197686989e-32 2.211661839337667306e-30 2.306327180629644022e-30
3.771560031677307023e+00 1.189020200230238089e+01 5.612933190093597978e-32 1.871931673235488293e-30 1.928061005136424338e-30
4.342556868756759947e+00 1.369032388251306998e+01 3.320025910867497809e-32 1.566809834594637316e-30 1.600010093703312196e-30
5.000000000000000888e+00 1.576297593361455007e+01 1.959679058905288165e-32 1.308801913728698891e-30 1.328398704317751707e-30
