# R[Mpc/h], R/R200c, rho1h, rho2h, (rho1h+rho2h) 
# rho in [g/cm3]
4.999999999999999237e-03 5.521619470785109861e-03 3.175223993918479561e-26 4.387880447554657276e-29 3.179611874366034087e-26
5.756976996632233792e-03 6.357567255493305931e-03 3.056902298369111894e-26 4.386954910412277502e-29 3.061289253279523896e-26
6.628556827950546522e-03 7.320073688883464887e-03 2.939124879518539519e-26 4.385891273449497873e-29 2.943510770791989077e-26
7.632089835876165913e-03 8.428299168110994083e-03 2.821687224381164676e-26 4.384729649792867472e-29 2.826071954030957276e-26
8.787553124273954006e-03 9.704304886309918221e-03 2.704392818987003727e-26 4.382888561671618042e-29 2.708775707548675581e-26
1.011794823862578740e-02 1.117349199975841215e-02 2.587057566382075776e-26 4.380561654139902729e-29 2.591438128036215795e-26
1.164975905257685865e-02 1.286510728293269699e-02 2.469515212002253723e-26 4.377443113148575461e-29 2.473892655115402431e-26
1.341347897639862813e-02 1.481282533740987950e-02 2.351623867464691866e-26 4.373742699198799142e-29 2.355997610163890611e-26
1.544421798238740720e-02 1.705541894451996845e-02 2.233273686712655785e-26 4.370885761168351154e-29 2.237644572473824056e-26
1.778240153111564081e-02 1.963753090630541639e-02 2.114395687915052708e-26 4.364982568409891270e-29 2.118760670483462638e-26
2.047457531190212399e-02 2.261056273965097660e-02 1.994971624485505656e-26 4.356651853980218155e-29 1.999328276339485781e-26
2.357433181728696772e-02 2.603369791461613084e-02 1.875044683505000509e-26 4.348261188110609499e-29 1.879392944693111211e-26
2.714337719661929355e-02 2.997508000634353104e-02 1.754730626096039256e-26 4.336964938630036158e-29 1.759067591034669192e-26
3.125275962636985677e-02 3.451316921374612129e-02 1.634228782279387020e-26 4.323029646357104009e-29 1.638551811925743993e-26
3.598428365005760382e-02 3.973830424888247226e-02 1.513832079630801191e-26 4.305732136176329689e-29 1.518137811766977391e-26
4.143213864273420644e-02 4.575450068919787588e-02 1.393935037636228008e-26 4.285351029302828886e-29 1.398220388665530938e-26
4.770477381749969187e-02 5.268152159202120488e-02 1.275038428060848476e-26 4.260453176247815423e-29 1.279298881237096282e-26
5.492705709937791003e-02 6.065726159057011763e-02 1.157749131078542729e-26 4.230788155974947407e-29 1.161979919234517742e-26
6.324276084276478360e-02 6.984049193112323861e-02 1.042773667179615374e-26 4.195214469950955431e-29 1.046968881649566322e-26
7.281742387506216774e-02 8.041402109619116834e-02 9.309040254725000684e-27 4.154352196960574953e-29 9.350583776694606036e-27
8.384164684055039896e-02 9.258833393149440427e-02 8.229948077219442122e-27 4.104493595594749919e-29 8.270993013175389212e-27
9.653488644416247100e-02 1.066057817200234265e-01 7.199314118237419688e-27 4.049034771512825185e-29 7.239804465952547682e-27
1.111498241263097070e-01 1.227454066140344635e-01 6.225899910249497548e-27 3.986639307015734862e-29 6.265766303319654987e-27
1.279773961349767730e-01 1.413284964638533703e-01 5.317911780924663294e-27 3.910613703379939755e-29 5.357017917958462758e-27
1.473525851275904741e-01 1.627249806222048067e-01 4.482509003801737666e-27 3.828710364155168721e-29 4.520796107443289616e-27
1.696610885947663627e-01 1.873607940438919151e-01 3.725327892664428747e-27 3.740201124980718244e-29 3.762729903914236025e-27
1.953469968527308254e-01 2.157263562762872233e-01 3.050074084565432203e-27 3.637969702022977061e-29 3.086453781585661979e-27
2.249216334484722968e-01 2.483863341299752392e-01 2.458235055272439313e-27 3.536171235909819762e-29 2.493596767631537684e-27
2.589737339615604816e-01 2.859908823728151139e-01 1.948955489970605202e-27 3.406277096665892122e-29 1.983018260937264157e-27
2.981811658297320866e-01 3.292885862133704822e-01 1.519099610888853966e-27 3.272112241694328157e-29 1.551820733305797219e-27
3.433244225021500617e-01 3.791413632167850989e-01 1.163499481461507179e-27 3.134851900771995451e-29 1.194848000469227100e-27
3.953021605453848064e-01 4.365416213021636738e-01 8.753613788070212000e-28 2.986138534856747763e-29 9.052227641555887281e-28
4.551490889957608421e-01 5.026320143818195918e-01 6.467793585794209524e-28 2.827974250085087288e-29 6.750591010802718028e-28
5.240565670773426055e-01 5.787281889134116009e-01 4.692913601979190303e-28 2.667724688180346903e-29 4.959686070797224657e-28
6.033963203196643921e-01 6.663449741754295941e-01 3.344116158443528914e-28 2.501111040379869780e-29 3.594227262481515836e-28
6.947477471865686205e-01 7.672265376298896822e-01 2.340835261628789838e-28 2.328772272430653476e-29 2.573712488871854989e-28
7.999293598030285946e-01 8.833811056682141505e-01 1.610162694952355709e-28 2.156123517760349966e-29 1.825775046728390789e-28
9.210349846633580917e-01 1.017120940918292638e+00 1.088910566598395554e-28 1.983905072078064927e-29 1.287301073806202019e-28
1.060475443960094966e+00 1.171108371931908865e+00 7.244380903059233897e-29 1.812774511531963242e-29 9.057155414591197139e-29
1.221026547274324692e+00 1.348408791555085529e+00 4.744619617014120419e-29 1.646014187132997249e-29 6.390633804147117668e-29
1.405884348987115340e+00 1.552551679007861063e+00 3.061471175962449111e-29 1.482264278861576948e-29 4.543735454824025779e-29
1.618728771408821432e+00 1.787600860426201699e+00 1.947824804018905944e-29 1.328325353371054806e-29 3.276150157389960750e-29
1.863796860157468815e+00 2.058235406526726763e+00 1.223036037626416722e-29 1.178840687619797369e-29 2.401876725246213951e-29
2.145967130064388773e+00 2.369842777805674316e+00 7.585523956681097516e-30 1.039759282296437485e-29 1.798311677964547237e-29
2.470856680661916105e+00 2.728626071492460614e+00 4.651336693146229240e-30 9.081595462098238200e-30 1.373293215524446814e-29
2.844933014509146041e+00 3.141727505198615766e+00 2.822280407750729268e-30 7.887548738266008722e-30 1.070982914601673799e-29
3.275642784297754240e+00 3.617370595423046176e+00 1.696005863594997779e-30 6.778180824785579174e-30 8.474186688380577303e-30
3.771560031677307023e+00 4.165023861228864810e+00 1.010229668698546323e-30 5.781896964938286063e-30 6.792126633636832737e-30
4.342556868756759947e+00 4.795589311903789564e+00 5.969284211392286545e-31 4.877915105503113073e-30 5.474843526642341990e-30
5.000000000000000888e+00 5.521619470785111616e+00 3.501533784475966682e-31 4.090624366667288546e-30 4.440777745114885126e-30
