# R[Mpc], R/R200c, rho1h, rho2h, (rho1h+rho2h) 
# rho in [g/cm3]
4.999999999999999237e-03 2.934349589023294708e-02 7.009146701526950138e-27 1.305432725444113641e-29 7.022201028781391022e-27
5.838993118688259529e-03 3.426729411626548705e-02 6.636670512905959486e-27 1.305137493367811094e-29 6.649721887839637012e-27
6.818768128017769353e-03 4.001729890818817026e-02 6.257825924882825916e-27 1.307694722914479506e-29 6.270902872111970840e-27
7.962948035485325690e-03 4.673214659068044424e-02 5.871991040284721236e-27 1.304436822220375422e-29 5.885035408506924640e-27
9.299119756734202866e-03 5.457373647290282570e-02 5.478920282044323015e-27 1.304807708017404246e-29 5.491968359124496845e-27
1.085949925388581157e-02 6.373113434527721832e-02 5.078867047676905869e-27 1.302073501827857323e-29 5.091887782695184109e-27
1.268170828316790913e-02 7.442513097765414420e-02 4.672713514994588482e-27 1.301862472888157470e-29 4.685732139723470154e-27
1.480968147972586656e-02 8.691356552719900486e-02 4.262094964266071598e-27 1.299811262340318008e-29 4.275093076889474834e-27
1.729472565001686016e-02 1.014975422067952299e-01 3.849499934633643279e-27 1.297190885656226289e-29 3.862471843490205284e-27
2.019675681200996942e-02 1.185286901018497846e-01 3.438321890562949556e-27 1.293471567261737051e-29 3.451256606235566899e-27
2.358574480902929024e-02 1.384176411743668345e-01 3.032834753583337350e-27 1.289525259625814481e-29 3.045730006179595343e-27
2.754340032781188788e-02 1.616439308644378181e-01 2.638066204573563104e-27 1.284268065470888335e-29 2.650908885228271931e-27
3.216514499587391773e-02 1.887675599990346620e-01 2.259551655985395004e-27 1.277924356970776922e-29 2.272330899555102869e-27
3.756241205850358728e-02 2.204424967731873353e-01 1.902969666408283594e-27 1.270694124989474446e-29 1.915676607658178296e-27
4.386533310618707243e-02 2.574324443450199396e-01 1.573685116581963391e-27 1.261547189808156086e-29 1.586300588480044935e-27
5.122587563119895132e-02 3.006292542115341360e-01 1.276254684093822259e-27 1.250394047897981093e-29 1.288758624572801993e-27
5.982150706187026185e-02 3.510744293235062985e-01 1.013971462279882836e-27 1.236884269151552938e-29 1.026340304971398386e-27
6.985947361676432543e-02 4.099842353934722849e-01 7.885322144156926643e-28 1.221039349415830344e-29 8.007426079098509523e-28
8.158179714469422639e-02 4.787790258466306792e-01 5.998951311808266400e-28 1.203213113816760415e-29 6.119272623189942441e-28
9.527111042761822468e-02 5.591174874581490428e-01 4.463589473364543669e-28 1.180443095224227508e-29 4.581633782886966784e-28
1.112574716393304325e-01 6.529366323612803003e-01 3.248457578070461896e-28 1.155687985868006187e-29 3.364026376657262669e-28
1.299263222609410018e-01 7.624985006594008352e-01 2.313255821339854355e-28 1.127110816398352236e-29 2.425966902979689649e-28
1.517277803236215528e-01 8.904446996720714047e-01 1.612953724914571773e-28 1.095437400507294247e-29 1.722497464965301156e-28
1.771874930446940555e-01 1.039860094791531964e+00 1.102256583839022129e-28 1.059802761664428579e-29 1.208236860005464987e-28
2.069193105211186157e-01 1.214347187577256015e+00 7.391084011733218350e-29 1.020858343755170399e-29 8.411942355488389170e-29
2.416400860513061855e-01 1.418112974392407910e+00 4.869314030179510878e-29 9.788991355492291682e-30 5.848213165728740046e-29
2.821869599305631415e-01 1.656070379799962078e+00 3.156271273353823372e-29 9.329078780159671580e-30 4.089179151369790670e-29
3.295375434436236262e-01 1.933956710343086582e+00 2.015861055856129960e-29 8.844868096463592649e-30 2.900347865502489084e-29
3.848334897033505730e-01 2.258471984706854396e+00 1.270455305490016602e-29 8.335218369159537749e-30 2.103977142405970376e-29
4.494080196437306718e-01 2.637440475490707925e+00 7.912010247362213417e-30 7.801003767563786194e-30 1.571301401492599961e-29
5.248180668366125845e-01 3.079999357468028887e+00 4.875618286415316266e-30 7.252884127223905004e-30 1.212850241363922127e-29
6.128818161644512541e-01 3.596819010764016333e+00 2.976709204673963995e-30 6.698350523358172130e-30 9.675059728032136124e-30
7.157225414306788158e-01 4.200360290603641467e+00 1.802650790375062917e-30 6.138981188899685795e-30 7.941631979274748361e-30
8.358197988607614093e-01 4.905174966569217254e+00 1.083960353200302270e-30 5.583900933186922933e-30 6.667861286387224678e-30
9.760692108022782643e-01 5.728256575151914554e+00 6.478179758754714972e-31 5.038702682943584717e-30 5.686520658819056302e-30
1.139852281047596616e+00 6.689450144878561488e+00 3.851198713694228881e-31 4.506420069913789865e-30 4.891539941283212840e-30
1.331117925071608088e+00 7.811930672750829530e+00 2.279105741544816442e-31 4.006765632074842557e-30 4.234676206229323851e-30
1.554477680931142913e+00 9.122761888372368233e+00 1.343509684542349702e-31 3.527570364041305344e-30 3.661921332495540271e-30
1.815316896422285664e+00 1.065354877792755595e+01 7.893515942533526522e-32 3.079421339674895461e-30 3.158356499100230475e-30
2.119924573289651004e+00 1.244119960078574394e+01 4.624515260176681968e-32 2.667953199488410927e-30 2.714198352090177599e-30
2.475644999115283795e+00 1.452881577144301772e+01 2.702784205820957571e-32 2.285392852811332018e-30 2.312420694869541440e-30
2.891054822829829174e+00 1.696673106242904794e+01 1.576389481280744211e-32 1.939062489964274313e-30 1.954826384777081845e-30
3.376169843250778957e+00 1.981372518403153293e+01 9.178202981358624267e-33 1.633180645986398614e-30 1.642358848967757197e-30
3.942686496452824318e+00 2.313844100102808099e+01 5.335917179619649946e-33 1.357051282369192115e-30 1.362387199548811773e-30
4.604263864386632932e+00 2.702103955643545063e+01 3.098247476353119452e-33 1.120973672252223764e-30 1.124071919728576847e-30
5.376853004155713656e+00 3.155513280596597525e+01 1.797059215347013232e-33 9.094336597302208647e-31 9.112307189455678728e-31
6.279081538292701659e+00 3.685004066266589717e+01 1.041403434814227009e-33 7.354976591902462400e-31 7.365390626250604376e-31
7.332702778754716100e+00 4.303342677053775134e+01 6.030402025432618364e-34 5.808809511527514369e-31 5.814839913552946601e-31
8.563120213307023221e+00 5.025437655734906883e+01 3.489757769510119933e-34 4.596587183176275270e-31 4.600076940945785555e-31
1.000000000000000000e+01 5.868699178046590248e+01 2.018409762330428163e-34 3.499800811210577726e-31 3.501819220972908127e-31
